$ANSIBLE_VAULT;1.1;AES256
33663834386565633165666638363234636161306238646530613433343133396365313039343933
3733386232363661336430316163343562643933623238660a333032636565613435633334626562
32343138383564373736373135376266663366313866333166346665366565613933663232366364
3938623465653334650a623365653730633735383530613137633666653166323938323361396162
34633639303562346164353966376630386630616562656234323362623730393863666537643437
64383461343366303562353937326535303162653935393733353139363064626361663337316439
32303061646639303232333733353231336437366237393264613936666131323936646537396239
30363030646666383566616365633538366133383533306566643130353263323930626238623663
65346138343935393666373565303133316664646165633734623865656233636537373961633639
32646362303866303735663034393030383536643731346634653833613061626462616130303562
39396137316131656465373731313435313466303132613532313937626631323836346462616264
33366336663761313265346330346165653331313132353139356331376561643965636539336539
31393036323238383030393239343938366634613834313132366538373432333261623563663761
39386164646331326137396636616161623266393831386663626332636536613233363137393433
39613861643338383333313635636239393866636331636239393936393563313066663732636163
30326666373031643733623930383762306162626234626162316232613835363634633039313431
66383936343931623439616438363638623063653161353063306263633535316534383436346537
66393736376661663865646566646335343835613636316639373066333232613135623937663036
35663838636336366637316535376533383865313263386431613161316332363261323134656632
63376534336438653732356134653539343962353636393961373538363533333438323631613331
36346463313434386232643462303437393966383939383632366663636563303661356461643331
61626431333136666565613831336665313638386538616666383232626335356262393264353366
35353339346534306239323636393939356163386530373665616361376132663664306264633363
32646263613566313861303766376135666565343761356637346430353433383035353861623735
3133
